5	// row dimension of input pattern
5	// column dimension of input pattern
7	// dimension of output pattern
7	// number of training pairs

-1 -1  1 -1 -1
-1  1 -1  1 -1
-1  1  1  1 -1
 1 -1 -1 -1  1
 1 -1 -1 -1  1

 1 -1 -1 -1 -1 -1 -1
A

 1  1  1  1  1
 1 -1 -1 -1  1
 1  1  1  1 -1
 1 -1 -1 -1  1
 1  1  1  1  1 

-1  1 -1 -1 -1 -1 -1
B

 1  1  1  1  1
 1 -1 -1 -1 -1
 1 -1 -1 -1 -1
 1 -1 -1 -1 -1
 1  1  1  1  1

-1 -1  1 -1 -1 -1 -1
C

 1  1  1  1 -1
 1 -1 -1 -1  1
 1 -1 -1 -1  1
 1 -1 -1 -1  1
 1  1  1  1 -1

-1 -1 -1  1 -1 -1 -1
D

 1  1  1  1  1
 1 -1 -1 -1 -1
 1  1  1  1  1
 1 -1 -1 -1 -1
 1  1  1  1  1

-1 -1 -1 -1  1 -1 -1
E

-1 -1  1  1  1
-1 -1 -1  1 -1
-1 -1 -1  1 -1
-1 -1 -1  1 -1
-1  1  1 -1 -1

-1 -1 -1 -1 -1  1 -1
J

 1 -1 -1  1 -1
 1 -1  1 -1 -1
 1  1 -1 -1 -1
 1 -1  1 -1 -1
 1 -1 -1  1 -1

-1 -1 -1 -1 -1 -1  1
K